duty time right left right left

25 200 1683 2222 1717 2250
25 400 1717 2250 1781 2310
25 600 1781 2310 1877 2400
25 800 1877 2400 2001 2518

50 200 2001 2518 2102 2604
50 200 2030 2599 2137 2692
50 400 2137 2692 2328 2870
50 600 2309 2870 2567 3113
50 800 2566 3113 2891 3429


COLOR SENSOR:
Half black, half white = 27
All white = 60-80


All black

2

0

0

8

3

0

9

9

0

0

0

7

6

15

16

12

9

10

12

13

13

0


Actual example color sensor data (measured in points every ~5cms)

WHITE:
92 94 88 85 86 82 81 85 86 94 92 91 68 95 88 98 88 66 90 91 85 77 94 89 86 96 93 95 80 92

BLACK:
8 7 7 7 7 8 7 8 7 7 7 7 7 8 7 6 8 7 7 6 ...

HALF:
36 40 32 39 32 26 15 35 46 32 34 30 35... perfect value around 40







